[Kind 9] Struct:
  Name: [Length 6] [Commit 67, 111, 109, 109, 105, 116]
  Props: [Count 3]
    Name: [Length 4] [meta 109, 101, 116, 97]
    Value:
      [Kind 9] Struct:
        Name: [Length 4] [Meta 77, 101, 116, 97]
        Props: [Count 2]
          Name: [Length 4] [date 100, 97, 116, 101]
          Value: [Kind 2] String:
            [Length 20] [2017-11-11T06:27:47Z 50, 48, 49, 55, 45, 49, 49, 45, 49, 49, 84, 48, 54, 58, 50, 55, 58, 52, 55, 90],
          Name: [Length 9] [inputFile 105, 110, 112, 117, 116, 70, 105, 108, 101]
          Value: [Kind 2] String:
            [Length 13] [/tmp/data.csv 47, 116, 109, 112, 47, 100, 97, 116, 97, 46, 99, 115, 118]
        Name: [Length 7] [parents 112, 97, 114, 101, 110, 116, 115]
        Value: [Kind 8] Set:
          [Level 0] [Count 0]
          Values: []
        Name: [Length 5] [value 118, 97, 108, 117, 101]
        Value: [Kind 5] List
          [Level 1] [Count 7]
          Values:
            MetaTuple:
              Ref: [Kind 7] Ref:
                Hash: [117, 173, 213, 107, 134, 5, 125, 85, 155, 198, 169, 219, 173, 124, 83, 96, 99, 99, 43, 175]
                Type: [Kind 5] List:
                  [Kind 9] Struct:
                    Name: [Length 3] [Row 82, 111, 119]
                    Props: [Count 46]
                      Names:
                        Name: [Length 19] [countAmericanIndian 99, 111, 117, 110, 116, 65, 109, 101, 114, 105, 99, 97, 110, 73, 110, 100, 105, 97, 110]
                        Name: [Length 21] [countAsianNonHispanic 99, 111, 117, 110, 116, 65, 115, 105, 97, 110, 78, 111, 110, 72, 105, 115, 112, 97, 110, 105, 99]
                        Name: [Length 21] [countBlackNonHispanic 99, 111, 117, 110, 116, 66, 108, 97, 99, 107, 78, 111, 110, 72, 105, 115, 112, 97, 110, 105, 99]
                        Name: [Length 23] [countCitizenStatusTotal 99, 111, 117, 110, 116, 67, 105, 116, 105, 122, 101, 110, 83, 116, 97, 116, 117, 115, 84, 111, 116, 97, 108]
                        Name: [Length 25] [countCitizenStatusUnknown 99, 111, 117, 110, 116, 67, 105, 116, 105, 122, 101, 110, 83, 116, 97, 116, 117, 115, 85, 110, 107, 110, 111, 119, 110]
                        Name: [Length 19] [countEthnicityTotal 99, 111, 117, 110, 116, 69, 116, 104, 110, 105, 99, 105, 116, 121, 84, 111, 116, 97, 108]
                        Name: [Length 21] [countEthnicityUnknown 99, 111, 117, 110, 116, 69, 116, 104, 110, 105, 99, 105, 116, 121, 85, 110, 107, 110, 111, 119, 110]
                        Name: [Length 11] [countFemale 99, 111, 117, 110, 116, 70, 101, 109, 97, 108, 101]
                        Name: [Length 16] [countGenderTotal 99, 111, 117, 110, 116, 71, 101, 110, 100, 101, 114, 84, 111, 116, 97, 108]
                        Name: [Length 18] [countGenderUnknown 99, 111, 117, 110, 116, 71, 101, 110, 100, 101, 114, 85, 110, 107, 110, 111, 119, 110]
                        Name: [Length 19] [countHispanicLatino 99, 111, 117, 110, 116, 72, 105, 115, 112, 97, 110, 105, 99, 76, 97, 116, 105, 110, 111]
                        Name: [Length 9]  [countMale 99, 111, 117, 110, 116, 77, 97, 108, 101]
                        Name: [Length 30] [countNreceivesPublicAssistance 99, 111, 117, 110, 116, 78, 114, 101, 99, 101, 105, 118, 101, 115, 80, 117, 98, 108, 105, 99, 65, 115, 115, 105, 115, 116, 97, 110, 99, 101]
                        Name: [Length 23] [countOtherCitizenStatus 99, 111, 117, 110, 116, 79, 116, 104, 101, 114, 67, 105, 116, 105, 122, 101, 110, 83, 116, 97, 116, 117, 115]
                        Name: [Length 19] [99, 111, 117, 110, 116, 79, 116, 104, 101, 114, 69, 116, 104, 110, 105, 99, 105, 116, 121]
                        Name: [Length 20] [99, 111, 117, 110, 116, 80, 97, 99, 105, 102, 105, 99, 73, 115, 108, 97, 110, 100, 101, 114]
                        Name: [Length 17] [99, 111, 117, 110, 116, 80, 97, 114, 116, 105, 99, 105, 112, 97, 110, 116, 115]
                        Name: [Length 27] [99, 111, 117, 110, 116, 80, 101, 114, 109, 97, 110, 101, 110, 116, 82, 101, 115, 105, 100, 101, 110, 116, 65, 108, 105, 101, 110]
                        Name: [Length 26] [99, 111, 117, 110, 116, 80, 117, 98, 108, 105, 99, 65, 115, 115, 105, 115, 116, 97, 110, 99, 101, 84, 111, 116, 97, 108]
                        Name: [Length 28] [99, 111, 117, 110, 116, 80, 117, 98, 108, 105, 99, 65, 115, 115, 105, 115, 116, 97, 110, 99, 101, 85, 110, 107, 110, 111, 119, 110]
                        Name: [Length 29] [99, 111, 117, 110, 116, 82, 101, 99, 101, 105, 118, 101, 115, 80, 117, 98, 108, 105, 99, 65, 115, 115, 105, 115, 116, 97, 110, 99, 101]
                        Name: [Length 14] [99, 111, 117, 110, 116, 85, 115, 67, 105, 116, 105, 122, 101, 110]
                        Name: [Length 21] [99, 111, 117, 110, 116, 87, 104, 105, 116, 101, 78, 111, 110, 72, 105, 115, 112, 97, 110, 105, 99]
                        Name: [Length 16] [jurisdictionName 106, 117, 114, 105, 115, 100, 105, 99, 116, 105, 111, 110, 78, 97, 109, 101]
                        Name: [Length 21] [percentAmericanIndian 112, 101, 114, 99, 101, 110, 116, 65, 109, 101, 114, 105, 99, 97, 110, 73, 110, 100, 105, 97, 110]
                        Name: [Length 23] [112, 101, 114, 99, 101, 110, 116, 65, 115, 105, 97, 110, 78, 111, 110, 72, 105, 115, 112, 97, 110, 105, 99]
                        Name: [Length 23] [112, 101, 114, 99, 101, 110, 116, 66, 108, 97, 99, 107, 78, 111, 110, 72, 105, 115, 112, 97, 110, 105, 99]
                        Name: [Length 25] [112, 101, 114, 99, 101, 110, 116, 67, 105, 116, 105, 122, 101, 110, 83, 116, 97, 116, 117, 115, 84, 111, 116, 97, 108]
                        Name: [Length 27] [112, 101, 114, 99, 101, 110, 116, 67, 105, 116, 105, 122, 101, 110, 83, 116, 97, 116, 117, 115, 85, 110, 107, 110, 111, 119, 110]
                        Name: [Length 21] [112, 101, 114, 99, 101, 110, 116, 69, 116, 104, 110, 105, 99, 105, 116, 121, 84, 111, 116, 97, 108]
                        Name: [Length 23] [112, 101, 114, 99, 101, 110, 116, 69, 116, 104, 110, 105, 99, 105, 116, 121, 85, 110, 107, 110, 111, 119, 110]
                        Name: [Length 13] [112, 101, 114, 99, 101, 110, 116, 70, 101, 109, 97, 108, 101]
                        Name: [Length 18] [112, 101, 114, 99, 101, 110, 116, 71, 101, 110, 100, 101, 114, 84, 111, 116, 97, 108]
                        Name: [Length 20] [112, 101, 114, 99, 101, 110, 116, 71, 101, 110, 100, 101, 114, 85, 110, 107, 110, 111, 119, 110]
                        Name: [Length 21] [112, 101, 114, 99, 101, 110, 116, 72, 105, 115, 112, 97, 110, 105, 99, 76, 97, 116, 105, 110, 111]
                        Name: [Length 11] [112, 101, 114, 99, 101, 110, 116, 77, 97, 108, 101]
                        Name: [Length 32] [112, 101, 114, 99, 101, 110, 116, 78, 114, 101, 99, 101, 105, 118, 101, 115, 80, 117, 98, 108, 105, 99, 65, 115, 115, 105, 115, 116, 97, 110, 99, 101]
                        Name: [Length 25] [112, 101, 114, 99, 101, 110, 116, 79, 116, 104, 101, 114, 67, 105, 116, 105, 122, 101, 110, 83, 116, 97, 116, 117, 115]
                        Name: [Length 21] [112, 101, 114, 99, 101, 110, 116, 79, 116, 104, 101, 114, 69, 116, 104, 110, 105, 99, 105, 116, 121]
                        Name: [Length 22] [112, 101, 114, 99, 101, 110, 116, 80, 97, 99, 105, 102, 105, 99, 73, 115, 108, 97, 110, 100, 101, 114]
                        Name: [Length 29] [112, 101, 114, 99, 101, 110, 116, 80, 101, 114, 109, 97, 110, 101, 110, 116, 82, 101, 115, 105, 100, 101, 110, 116, 65, 108, 105, 101, 110]
                        Name: [Length 28] [112, 101, 114, 99, 101, 110, 116, 80, 117, 98, 108, 105, 99, 65, 115, 115, 105, 115, 116, 97, 110, 99, 101, 84, 111, 116, 97, 108]
                        Name: [Length 30] [112, 101, 114, 99, 101, 110, 116, 80, 117, 98, 108, 105, 99, 65, 115, 115, 105, 115, 116, 97, 110, 99, 101, 85, 110, 107, 110, 111, 119, 110]
                        Name: [Length 31] [112, 101, 114, 99, 101, 110, 116, 82, 101, 99, 101, 105, 118, 101, 115, 80, 117, 98, 108, 105, 99, 65, 115, 115, 105, 115, 116, 97, 110, 99, 101]
                        Name: [Length 16] [112, 101, 114, 99, 101, 110, 116, 85, 115, 67, 105, 116, 105, 122, 101, 110]
                        Name: [Length 23] [112, 101, 114, 99, 101, 110, 116, 87, 104, 105, 116, 101, 78, 111, 110, 72, 105, 115, 112, 97, 110, 105, 99]
                      Types:
                        [64xKind 2, 2, 2, 2, 2, 2, 2, 2, 2, 2, 2, 2, 2, 2, 2, 2, 2, 2, 2, 2, 2, 2, 2, 2, 2, 2, 2, 2, 2, 2, 2, 2, 2, 2, 2, 2, 2, 2, 2, 2, 2, 2, 2, 2, 2, 2]
                      Optional:
                        [64xBool 0, 0, 0, 0, 0, 0, 0, 0, 0, 0, 0, 0, 0, 0, 0, 0, 0, 0, 0, 0, 0, 0, 0, 0, 0, 0, 0, 0, 0, 0, 0, 0, 0, 0, 0, 0, 0, 0, 0, 0, 0, 0, 0, 0, 0, 0]
                Height: [Varint 1]
              OrderedKey: [Kind 1] Number:
                i: [Varint 2]
                exp: [Varint 8]
              NumLeaves: [Varint 16]
            MetaTuple:
              Ref: [Kind 7] Ref:
                Hash: [47, 37, 129, 76, 115, 60, 85, 150, 147, 21, 168, 122, 254, 150, 20, 50, 27, 231, 62, 217]
                Type: [Kind 5] List:
                  [Kind 9] Struct:
                    Name: [Length 3] [Row 82, 111, 119]
                    Props: [Count 46]
                      Names:
                        Name: [Length 19] [countAmericanIndian 99, 111, 117, 110, 116, 65, 109, 101, 114, 105, 99, 97, 110, 73, 110, 100, 105, 97, 110]
                        Name: [Length 21] [countAsianNonHispanic 99, 111, 117, 110, 116, 65, 115, 105, 97, 110, 78, 111, 110, 72, 105, 115, 112, 97, 110, 105, 99]
                        Name: [Length 21] [countBlackNonHispanic 99, 111, 117, 110, 116, 66, 108, 97, 99, 107, 78, 111, 110, 72, 105, 115, 112, 97, 110, 105, 99]
                        Name: [Length 23] [countCitizenStatusTotal 99, 111, 117, 110, 116, 67, 105, 116, 105, 122, 101, 110, 83, 116, 97, 116, 117, 115, 84, 111, 116, 97, 108]
                        Name: [Length 25] [countCitizenStatusUnknown 99, 111, 117, 110, 116, 67, 105, 116, 105, 122, 101, 110, 83, 116, 97, 116, 117, 115, 85, 110, 107, 110, 111, 119, 110]
                        Name: [Length 19] [countEthnicityTotal 99, 111, 117, 110, 116, 69, 116, 104, 110, 105, 99, 105, 116, 121, 84, 111, 116, 97, 108]
                        Name: [Length 21] [countEthnicityUnknown 99, 111, 117, 110, 116, 69, 116, 104, 110, 105, 99, 105, 116, 121, 85, 110, 107, 110, 111, 119, 110]
                        Name: [Length 11] [countFemale 99, 111, 117, 110, 116, 70, 101, 109, 97, 108, 101]
                        Name: [Length 16] [countGenderTotal 99, 111, 117, 110, 116, 71, 101, 110, 100, 101, 114, 84, 111, 116, 97, 108]
                        Name: [Length 18] [countGenderUnknown 99, 111, 117, 110, 116, 71, 101, 110, 100, 101, 114, 85, 110, 107, 110, 111, 119, 110]
                        Name: [Length 19] [countHispanicLatino 99, 111, 117, 110, 116, 72, 105, 115, 112, 97, 110, 105, 99, 76, 97, 116, 105, 110, 111]
                        Name: [Length 9]  [countMale 99, 111, 117, 110, 116, 77, 97, 108, 101]
                        Name: [Length 30] [countNreceivesPublicAssistance 99, 111, 117, 110, 116, 78, 114, 101, 99, 101, 105, 118, 101, 115, 80, 117, 98, 108, 105, 99, 65, 115, 115, 105, 115, 116, 97, 110, 99, 101]
                        Name: [Length 23] [countOtherCitizenStatus 99, 111, 117, 110, 116, 79, 116, 104, 101, 114, 67, 105, 116, 105, 122, 101, 110, 83, 116, 97, 116, 117, 115]
                        Name: [Length 19] [99, 111, 117, 110, 116, 79, 116, 104, 101, 114, 69, 116, 104, 110, 105, 99, 105, 116, 121]
                        Name: [Length 20] [99, 111, 117, 110, 116, 80, 97, 99, 105, 102, 105, 99, 73, 115, 108, 97, 110, 100, 101, 114]
                        Name: [Length 17] [99, 111, 117, 110, 116, 80, 97, 114, 116, 105, 99, 105, 112, 97, 110, 116, 115]
                        Name: [Length 27] [99, 111, 117, 110, 116, 80, 101, 114, 109, 97, 110, 101, 110, 116, 82, 101, 115, 105, 100, 101, 110, 116, 65, 108, 105, 101, 110]
                        Name: [Length 26] [99, 111, 117, 110, 116, 80, 117, 98, 108, 105, 99, 65, 115, 115, 105, 115, 116, 97, 110, 99, 101, 84, 111, 116, 97, 108]
                        Name: [Length 28] [99, 111, 117, 110, 116, 80, 117, 98, 108, 105, 99, 65, 115, 115, 105, 115, 116, 97, 110, 99, 101, 85, 110, 107, 110, 111, 119, 110]
                        Name: [Length 29] [99, 111, 117, 110, 116, 82, 101, 99, 101, 105, 118, 101, 115, 80, 117, 98, 108, 105, 99, 65, 115, 115, 105, 115, 116, 97, 110, 99, 101]
                        Name: [Length 14] [99, 111, 117, 110, 116, 85, 115, 67, 105, 116, 105, 122, 101, 110]
                        Name: [Length 21] [99, 111, 117, 110, 116, 87, 104, 105, 116, 101, 78, 111, 110, 72, 105, 115, 112, 97, 110, 105, 99]
                        Name: [Length 16] [jurisdictionName 106, 117, 114, 105, 115, 100, 105, 99, 116, 105, 111, 110, 78, 97, 109, 101]
                        Name: [Length 21] [percentAmericanIndian 112, 101, 114, 99, 101, 110, 116, 65, 109, 101, 114, 105, 99, 97, 110, 73, 110, 100, 105, 97, 110]
                        Name: [Length 23] [112, 101, 114, 99, 101, 110, 116, 65, 115, 105, 97, 110, 78, 111, 110, 72, 105, 115, 112, 97, 110, 105, 99]
                        Name: [Length 23] [112, 101, 114, 99, 101, 110, 116, 66, 108, 97, 99, 107, 78, 111, 110, 72, 105, 115, 112, 97, 110, 105, 99]
                        Name: [Length 25] [112, 101, 114, 99, 101, 110, 116, 67, 105, 116, 105, 122, 101, 110, 83, 116, 97, 116, 117, 115, 84, 111, 116, 97, 108]
                        Name: [Length 27] [112, 101, 114, 99, 101, 110, 116, 67, 105, 116, 105, 122, 101, 110, 83, 116, 97, 116, 117, 115, 85, 110, 107, 110, 111, 119, 110]
                        Name: [Length 21] [112, 101, 114, 99, 101, 110, 116, 69, 116, 104, 110, 105, 99, 105, 116, 121, 84, 111, 116, 97, 108]
                        Name: [Length 23] [112, 101, 114, 99, 101, 110, 116, 69, 116, 104, 110, 105, 99, 105, 116, 121, 85, 110, 107, 110, 111, 119, 110]
                        Name: [Length 13] [112, 101, 114, 99, 101, 110, 116, 70, 101, 109, 97, 108, 101]
                        Name: [Length 18] [112, 101, 114, 99, 101, 110, 116, 71, 101, 110, 100, 101, 114, 84, 111, 116, 97, 108]
                        Name: [Length 20] [112, 101, 114, 99, 101, 110, 116, 71, 101, 110, 100, 101, 114, 85, 110, 107, 110, 111, 119, 110]
                        Name: [Length 21] [112, 101, 114, 99, 101, 110, 116, 72, 105, 115, 112, 97, 110, 105, 99, 76, 97, 116, 105, 110, 111]
                        Name: [Length 11] [112, 101, 114, 99, 101, 110, 116, 77, 97, 108, 101]
                        Name: [Length 32] [112, 101, 114, 99, 101, 110, 116, 78, 114, 101, 99, 101, 105, 118, 101, 115, 80, 117, 98, 108, 105, 99, 65, 115, 115, 105, 115, 116, 97, 110, 99, 101]
                        Name: [Length 25] [112, 101, 114, 99, 101, 110, 116, 79, 116, 104, 101, 114, 67, 105, 116, 105, 122, 101, 110, 83, 116, 97, 116, 117, 115]
                        Name: [Length 21] [112, 101, 114, 99, 101, 110, 116, 79, 116, 104, 101, 114, 69, 116, 104, 110, 105, 99, 105, 116, 121]
                        Name: [Length 22] [112, 101, 114, 99, 101, 110, 116, 80, 97, 99, 105, 102, 105, 99, 73, 115, 108, 97, 110, 100, 101, 114]
                        Name: [Length 29] [112, 101, 114, 99, 101, 110, 116, 80, 101, 114, 109, 97, 110, 101, 110, 116, 82, 101, 115, 105, 100, 101, 110, 116, 65, 108, 105, 101, 110]
                        Name: [Length 28] [112, 101, 114, 99, 101, 110, 116, 80, 117, 98, 108, 105, 99, 65, 115, 115, 105, 115, 116, 97, 110, 99, 101, 84, 111, 116, 97, 108]
                        Name: [Length 30] [112, 101, 114, 99, 101, 110, 116, 80, 117, 98, 108, 105, 99, 65, 115, 115, 105, 115, 116, 97, 110, 99, 101, 85, 110, 107, 110, 111, 119, 110]
                        Name: [Length 31] [112, 101, 114, 99, 101, 110, 116, 82, 101, 99, 101, 105, 118, 101, 115, 80, 117, 98, 108, 105, 99, 65, 115, 115, 105, 115, 116, 97, 110, 99, 101]
                        Name: [Length 16] [112, 101, 114, 99, 101, 110, 116, 85, 115, 67, 105, 116, 105, 122, 101, 110]
                        Name: [Length 23] [112, 101, 114, 99, 101, 110, 116, 87, 104, 105, 116, 101, 78, 111, 110, 72, 105, 115, 112, 97, 110, 105, 99]
                      Types:
                        [64xKind 2, 2, 2, 2, 2, 2, 2, 2, 2, 2, 2, 2, 2, 2, 2, 2, 2, 2, 2, 2, 2, 2, 2, 2, 2, 2, 2, 2, 2, 2, 2, 2, 2, 2, 2, 2, 2, 2, 2, 2, 2, 2, 2, 2, 2, 2]
                      Optional:
                        [64xBool 0, 0, 0, 0, 0, 0, 0, 0, 0, 0, 0, 0, 0, 0, 0, 0, 0, 0, 0, 0, 0, 0, 0, 0, 0, 0, 0, 0, 0, 0, 0, 0, 0, 0, 0, 0, 0, 0, 0, 0, 0, 0, 0, 0, 0, 0]
                Height: [Varint 1]
              OrderedKey: [Kind 1] Number:
                i: [Varint 26]
                exp: [Varint 6]
              NumLeaves: [Varint 104]
            MetaTuple:
              Ref: [Kind 7] Ref:
                Hash: [35, 233, 4, 186, 45, 11, 164, 103, 3, 143, 24, 142, 186, 176, 90, 202, 34, 33, 97, 235]
                Type: [Kind 5] List:
                  [Kind 9] Struct:
                    Name: [Length 3] [Row 82, 111, 119]
                    Props: [Count 46]
                      Names:
                        Name: [Length 19] [countAmericanIndian 99, 111, 117, 110, 116, 65, 109, 101, 114, 105, 99, 97, 110, 73, 110, 100, 105, 97, 110]
                        Name: [Length 21] [countAsianNonHispanic 99, 111, 117, 110, 116, 65, 115, 105, 97, 110, 78, 111, 110, 72, 105, 115, 112, 97, 110, 105, 99]
                        Name: [Length 21] [countBlackNonHispanic 99, 111, 117, 110, 116, 66, 108, 97, 99, 107, 78, 111, 110, 72, 105, 115, 112, 97, 110, 105, 99]
                        Name: [Length 23] [countCitizenStatusTotal 99, 111, 117, 110, 116, 67, 105, 116, 105, 122, 101, 110, 83, 116, 97, 116, 117, 115, 84, 111, 116, 97, 108]
                        Name: [Length 25] [countCitizenStatusUnknown 99, 111, 117, 110, 116, 67, 105, 116, 105, 122, 101, 110, 83, 116, 97, 116, 117, 115, 85, 110, 107, 110, 111, 119, 110]
                        Name: [Length 19] [countEthnicityTotal 99, 111, 117, 110, 116, 69, 116, 104, 110, 105, 99, 105, 116, 121, 84, 111, 116, 97, 108]
                        Name: [Length 21] [countEthnicityUnknown 99, 111, 117, 110, 116, 69, 116, 104, 110, 105, 99, 105, 116, 121, 85, 110, 107, 110, 111, 119, 110]
                        Name: [Length 11] [countFemale 99, 111, 117, 110, 116, 70, 101, 109, 97, 108, 101]
                        Name: [Length 16] [countGenderTotal 99, 111, 117, 110, 116, 71, 101, 110, 100, 101, 114, 84, 111, 116, 97, 108]
                        Name: [Length 18] [countGenderUnknown 99, 111, 117, 110, 116, 71, 101, 110, 100, 101, 114, 85, 110, 107, 110, 111, 119, 110]
                        Name: [Length 19] [countHispanicLatino 99, 111, 117, 110, 116, 72, 105, 115, 112, 97, 110, 105, 99, 76, 97, 116, 105, 110, 111]
                        Name: [Length 9]  [countMale 99, 111, 117, 110, 116, 77, 97, 108, 101]
                        Name: [Length 30] [countNreceivesPublicAssistance 99, 111, 117, 110, 116, 78, 114, 101, 99, 101, 105, 118, 101, 115, 80, 117, 98, 108, 105, 99, 65, 115, 115, 105, 115, 116, 97, 110, 99, 101]
                        Name: [Length 23] [countOtherCitizenStatus 99, 111, 117, 110, 116, 79, 116, 104, 101, 114, 67, 105, 116, 105, 122, 101, 110, 83, 116, 97, 116, 117, 115]
                        Name: [Length 19] [99, 111, 117, 110, 116, 79, 116, 104, 101, 114, 69, 116, 104, 110, 105, 99, 105, 116, 121]
                        Name: [Length 20] [99, 111, 117, 110, 116, 80, 97, 99, 105, 102, 105, 99, 73, 115, 108, 97, 110, 100, 101, 114]
                        Name: [Length 17] [99, 111, 117, 110, 116, 80, 97, 114, 116, 105, 99, 105, 112, 97, 110, 116, 115]
                        Name: [Length 27] [99, 111, 117, 110, 116, 80, 101, 114, 109, 97, 110, 101, 110, 116, 82, 101, 115, 105, 100, 101, 110, 116, 65, 108, 105, 101, 110]
                        Name: [Length 26] [99, 111, 117, 110, 116, 80, 117, 98, 108, 105, 99, 65, 115, 115, 105, 115, 116, 97, 110, 99, 101, 84, 111, 116, 97, 108]
                        Name: [Length 28] [99, 111, 117, 110, 116, 80, 117, 98, 108, 105, 99, 65, 115, 115, 105, 115, 116, 97, 110, 99, 101, 85, 110, 107, 110, 111, 119, 110]
                        Name: [Length 29] [99, 111, 117, 110, 116, 82, 101, 99, 101, 105, 118, 101, 115, 80, 117, 98, 108, 105, 99, 65, 115, 115, 105, 115, 116, 97, 110, 99, 101]
                        Name: [Length 14] [99, 111, 117, 110, 116, 85, 115, 67, 105, 116, 105, 122, 101, 110]
                        Name: [Length 21] [99, 111, 117, 110, 116, 87, 104, 105, 116, 101, 78, 111, 110, 72, 105, 115, 112, 97, 110, 105, 99]
                        Name: [Length 16] [jurisdictionName 106, 117, 114, 105, 115, 100, 105, 99, 116, 105, 111, 110, 78, 97, 109, 101]
                        Name: [Length 21] [percentAmericanIndian 112, 101, 114, 99, 101, 110, 116, 65, 109, 101, 114, 105, 99, 97, 110, 73, 110, 100, 105, 97, 110]
                        Name: [Length 23] [112, 101, 114, 99, 101, 110, 116, 65, 115, 105, 97, 110, 78, 111, 110, 72, 105, 115, 112, 97, 110, 105, 99]
                        Name: [Length 23] [112, 101, 114, 99, 101, 110, 116, 66, 108, 97, 99, 107, 78, 111, 110, 72, 105, 115, 112, 97, 110, 105, 99]
                        Name: [Length 25] [112, 101, 114, 99, 101, 110, 116, 67, 105, 116, 105, 122, 101, 110, 83, 116, 97, 116, 117, 115, 84, 111, 116, 97, 108]
                        Name: [Length 27] [112, 101, 114, 99, 101, 110, 116, 67, 105, 116, 105, 122, 101, 110, 83, 116, 97, 116, 117, 115, 85, 110, 107, 110, 111, 119, 110]
                        Name: [Length 21] [112, 101, 114, 99, 101, 110, 116, 69, 116, 104, 110, 105, 99, 105, 116, 121, 84, 111, 116, 97, 108]
                        Name: [Length 23] [112, 101, 114, 99, 101, 110, 116, 69, 116, 104, 110, 105, 99, 105, 116, 121, 85, 110, 107, 110, 111, 119, 110]
                        Name: [Length 13] [112, 101, 114, 99, 101, 110, 116, 70, 101, 109, 97, 108, 101]
                        Name: [Length 18] [112, 101, 114, 99, 101, 110, 116, 71, 101, 110, 100, 101, 114, 84, 111, 116, 97, 108]
                        Name: [Length 20] [112, 101, 114, 99, 101, 110, 116, 71, 101, 110, 100, 101, 114, 85, 110, 107, 110, 111, 119, 110]
                        Name: [Length 21] [112, 101, 114, 99, 101, 110, 116, 72, 105, 115, 112, 97, 110, 105, 99, 76, 97, 116, 105, 110, 111]
                        Name: [Length 11] [112, 101, 114, 99, 101, 110, 116, 77, 97, 108, 101]
                        Name: [Length 32] [112, 101, 114, 99, 101, 110, 116, 78, 114, 101, 99, 101, 105, 118, 101, 115, 80, 117, 98, 108, 105, 99, 65, 115, 115, 105, 115, 116, 97, 110, 99, 101]
                        Name: [Length 25] [112, 101, 114, 99, 101, 110, 116, 79, 116, 104, 101, 114, 67, 105, 116, 105, 122, 101, 110, 83, 116, 97, 116, 117, 115]
                        Name: [Length 21] [112, 101, 114, 99, 101, 110, 116, 79, 116, 104, 101, 114, 69, 116, 104, 110, 105, 99, 105, 116, 121]
                        Name: [Length 22] [112, 101, 114, 99, 101, 110, 116, 80, 97, 99, 105, 102, 105, 99, 73, 115, 108, 97, 110, 100, 101, 114]
                        Name: [Length 29] [112, 101, 114, 99, 101, 110, 116, 80, 101, 114, 109, 97, 110, 101, 110, 116, 82, 101, 115, 105, 100, 101, 110, 116, 65, 108, 105, 101, 110]
                        Name: [Length 28] [112, 101, 114, 99, 101, 110, 116, 80, 117, 98, 108, 105, 99, 65, 115, 115, 105, 115, 116, 97, 110, 99, 101, 84, 111, 116, 97, 108]
                        Name: [Length 30] [112, 101, 114, 99, 101, 110, 116, 80, 117, 98, 108, 105, 99, 65, 115, 115, 105, 115, 116, 97, 110, 99, 101, 85, 110, 107, 110, 111, 119, 110]
                        Name: [Length 31] [112, 101, 114, 99, 101, 110, 116, 82, 101, 99, 101, 105, 118, 101, 115, 80, 117, 98, 108, 105, 99, 65, 115, 115, 105, 115, 116, 97, 110, 99, 101]
                        Name: [Length 16] [112, 101, 114, 99, 101, 110, 116, 85, 115, 67, 105, 116, 105, 122, 101, 110]
                        Name: [Length 23] [112, 101, 114, 99, 101, 110, 116, 87, 104, 105, 116, 101, 78, 111, 110, 72, 105, 115, 112, 97, 110, 105, 99]
                      Types:
                        [64xKind 2, 2, 2, 2, 2, 2, 2, 2, 2, 2, 2, 2, 2, 2, 2, 2, 2, 2, 2, 2, 2, 2, 2, 2, 2, 2, 2, 2, 2, 2, 2, 2, 2, 2, 2, 2, 2, 2, 2, 2, 2, 2, 2, 2, 2, 2]
                      Optional:
                        [64xBool 0, 0, 0, 0, 0, 0, 0, 0, 0, 0, 0, 0, 0, 0, 0, 0, 0, 0, 0, 0, 0, 0, 0, 0, 0, 0, 0, 0, 0, 0, 0, 0, 0, 0, 0, 0, 0, 0, 0, 0, 0, 0, 0, 0, 0, 0]
                Height: [Varint 1]
              OrderedKey: [Kind 1] Number:
                i: [Varint 2]
                exp: [Varint 6]
              NumLeaves: [Varint 8]
            MetaTuple:
              Ref: [Kind 7]
                Hash: [27, 200, 124, 225, 94, 55, 238, 102, 53, 209, 160, 1, 232, 44, 51, 236, 18, 145, 213, 76]
                Type: [Kind 5] List:
                  [Kind 9] Struct:
                    Name: [Length 3] [Row 82, 111, 119]
                    Props: [Count 46]
                      Names:
                        Name: [Length 19] [countAmericanIndian 99, 111, 117, 110, 116, 65, 109, 101, 114, 105, 99, 97, 110, 73, 110, 100, 105, 97, 110]
                        Name: [Length 21] [countAsianNonHispanic 99, 111, 117, 110, 116, 65, 115, 105, 97, 110, 78, 111, 110, 72, 105, 115, 112, 97, 110, 105, 99]
                        Name: [Length 21] [countBlackNonHispanic 99, 111, 117, 110, 116, 66, 108, 97, 99, 107, 78, 111, 110, 72, 105, 115, 112, 97, 110, 105, 99]
                        Name: [Length 23] [countCitizenStatusTotal 99, 111, 117, 110, 116, 67, 105, 116, 105, 122, 101, 110, 83, 116, 97, 116, 117, 115, 84, 111, 116, 97, 108]
                        Name: [Length 25] [countCitizenStatusUnknown 99, 111, 117, 110, 116, 67, 105, 116, 105, 122, 101, 110, 83, 116, 97, 116, 117, 115, 85, 110, 107, 110, 111, 119, 110]
                        Name: [Length 19] [countEthnicityTotal 99, 111, 117, 110, 116, 69, 116, 104, 110, 105, 99, 105, 116, 121, 84, 111, 116, 97, 108]
                        Name: [Length 21] [countEthnicityUnknown 99, 111, 117, 110, 116, 69, 116, 104, 110, 105, 99, 105, 116, 121, 85, 110, 107, 110, 111, 119, 110]
                        Name: [Length 11] [countFemale 99, 111, 117, 110, 116, 70, 101, 109, 97, 108, 101]
                        Name: [Length 16] [countGenderTotal 99, 111, 117, 110, 116, 71, 101, 110, 100, 101, 114, 84, 111, 116, 97, 108]
                        Name: [Length 18] [countGenderUnknown 99, 111, 117, 110, 116, 71, 101, 110, 100, 101, 114, 85, 110, 107, 110, 111, 119, 110]
                        Name: [Length 19] [countHispanicLatino 99, 111, 117, 110, 116, 72, 105, 115, 112, 97, 110, 105, 99, 76, 97, 116, 105, 110, 111]
                        Name: [Length 9]  [countMale 99, 111, 117, 110, 116, 77, 97, 108, 101]
                        Name: [Length 30] [countNreceivesPublicAssistance 99, 111, 117, 110, 116, 78, 114, 101, 99, 101, 105, 118, 101, 115, 80, 117, 98, 108, 105, 99, 65, 115, 115, 105, 115, 116, 97, 110, 99, 101]
                        Name: [Length 23] [countOtherCitizenStatus 99, 111, 117, 110, 116, 79, 116, 104, 101, 114, 67, 105, 116, 105, 122, 101, 110, 83, 116, 97, 116, 117, 115]
                        Name: [Length 19] [99, 111, 117, 110, 116, 79, 116, 104, 101, 114, 69, 116, 104, 110, 105, 99, 105, 116, 121]
                        Name: [Length 20] [99, 111, 117, 110, 116, 80, 97, 99, 105, 102, 105, 99, 73, 115, 108, 97, 110, 100, 101, 114]
                        Name: [Length 17] [99, 111, 117, 110, 116, 80, 97, 114, 116, 105, 99, 105, 112, 97, 110, 116, 115]
                        Name: [Length 27] [99, 111, 117, 110, 116, 80, 101, 114, 109, 97, 110, 101, 110, 116, 82, 101, 115, 105, 100, 101, 110, 116, 65, 108, 105, 101, 110]
                        Name: [Length 26] [99, 111, 117, 110, 116, 80, 117, 98, 108, 105, 99, 65, 115, 115, 105, 115, 116, 97, 110, 99, 101, 84, 111, 116, 97, 108]
                        Name: [Length 28] [99, 111, 117, 110, 116, 80, 117, 98, 108, 105, 99, 65, 115, 115, 105, 115, 116, 97, 110, 99, 101, 85, 110, 107, 110, 111, 119, 110]
                        Name: [Length 29] [99, 111, 117, 110, 116, 82, 101, 99, 101, 105, 118, 101, 115, 80, 117, 98, 108, 105, 99, 65, 115, 115, 105, 115, 116, 97, 110, 99, 101]
                        Name: [Length 14] [99, 111, 117, 110, 116, 85, 115, 67, 105, 116, 105, 122, 101, 110]
                        Name: [Length 21] [99, 111, 117, 110, 116, 87, 104, 105, 116, 101, 78, 111, 110, 72, 105, 115, 112, 97, 110, 105, 99]
                        Name: [Length 16] [jurisdictionName 106, 117, 114, 105, 115, 100, 105, 99, 116, 105, 111, 110, 78, 97, 109, 101]
                        Name: [Length 21] [percentAmericanIndian 112, 101, 114, 99, 101, 110, 116, 65, 109, 101, 114, 105, 99, 97, 110, 73, 110, 100, 105, 97, 110]
                        Name: [Length 23] [112, 101, 114, 99, 101, 110, 116, 65, 115, 105, 97, 110, 78, 111, 110, 72, 105, 115, 112, 97, 110, 105, 99]
                        Name: [Length 23] [112, 101, 114, 99, 101, 110, 116, 66, 108, 97, 99, 107, 78, 111, 110, 72, 105, 115, 112, 97, 110, 105, 99]
                        Name: [Length 25] [112, 101, 114, 99, 101, 110, 116, 67, 105, 116, 105, 122, 101, 110, 83, 116, 97, 116, 117, 115, 84, 111, 116, 97, 108]
                        Name: [Length 27] [112, 101, 114, 99, 101, 110, 116, 67, 105, 116, 105, 122, 101, 110, 83, 116, 97, 116, 117, 115, 85, 110, 107, 110, 111, 119, 110]
                        Name: [Length 21] [112, 101, 114, 99, 101, 110, 116, 69, 116, 104, 110, 105, 99, 105, 116, 121, 84, 111, 116, 97, 108]
                        Name: [Length 23] [112, 101, 114, 99, 101, 110, 116, 69, 116, 104, 110, 105, 99, 105, 116, 121, 85, 110, 107, 110, 111, 119, 110]
                        Name: [Length 13] [112, 101, 114, 99, 101, 110, 116, 70, 101, 109, 97, 108, 101]
                        Name: [Length 18] [112, 101, 114, 99, 101, 110, 116, 71, 101, 110, 100, 101, 114, 84, 111, 116, 97, 108]
                        Name: [Length 20] [112, 101, 114, 99, 101, 110, 116, 71, 101, 110, 100, 101, 114, 85, 110, 107, 110, 111, 119, 110]
                        Name: [Length 21] [112, 101, 114, 99, 101, 110, 116, 72, 105, 115, 112, 97, 110, 105, 99, 76, 97, 116, 105, 110, 111]
                        Name: [Length 11] [112, 101, 114, 99, 101, 110, 116, 77, 97, 108, 101]
                        Name: [Length 32] [112, 101, 114, 99, 101, 110, 116, 78, 114, 101, 99, 101, 105, 118, 101, 115, 80, 117, 98, 108, 105, 99, 65, 115, 115, 105, 115, 116, 97, 110, 99, 101]
                        Name: [Length 25] [112, 101, 114, 99, 101, 110, 116, 79, 116, 104, 101, 114, 67, 105, 116, 105, 122, 101, 110, 83, 116, 97, 116, 117, 115]
                        Name: [Length 21] [112, 101, 114, 99, 101, 110, 116, 79, 116, 104, 101, 114, 69, 116, 104, 110, 105, 99, 105, 116, 121]
                        Name: [Length 22] [112, 101, 114, 99, 101, 110, 116, 80, 97, 99, 105, 102, 105, 99, 73, 115, 108, 97, 110, 100, 101, 114]
                        Name: [Length 29] [112, 101, 114, 99, 101, 110, 116, 80, 101, 114, 109, 97, 110, 101, 110, 116, 82, 101, 115, 105, 100, 101, 110, 116, 65, 108, 105, 101, 110]
                        Name: [Length 28] [112, 101, 114, 99, 101, 110, 116, 80, 117, 98, 108, 105, 99, 65, 115, 115, 105, 115, 116, 97, 110, 99, 101, 84, 111, 116, 97, 108]
                        Name: [Length 30] [112, 101, 114, 99, 101, 110, 116, 80, 117, 98, 108, 105, 99, 65, 115, 115, 105, 115, 116, 97, 110, 99, 101, 85, 110, 107, 110, 111, 119, 110]
                        Name: [Length 31] [112, 101, 114, 99, 101, 110, 116, 82, 101, 99, 101, 105, 118, 101, 115, 80, 117, 98, 108, 105, 99, 65, 115, 115, 105, 115, 116, 97, 110, 99, 101]
                        Name: [Length 16] [112, 101, 114, 99, 101, 110, 116, 85, 115, 67, 105, 116, 105, 122, 101, 110]
                        Name: [Length 23] [112, 101, 114, 99, 101, 110, 116, 87, 104, 105, 116, 101, 78, 111, 110, 72, 105, 115, 112, 97, 110, 105, 99]
                      Types:
                        [64xKind 2, 2, 2, 2, 2, 2, 2, 2, 2, 2, 2, 2, 2, 2, 2, 2, 2, 2, 2, 2, 2, 2, 2, 2, 2, 2, 2, 2, 2, 2, 2, 2, 2, 2, 2, 2, 2, 2, 2, 2, 2, 2, 2, 2, 2, 2]
                      Optional:
                        [64xBool 0, 0, 0, 0, 0, 0, 0, 0, 0, 0, 0, 0, 0, 0, 0, 0, 0, 0, 0, 0, 0, 0, 0, 0, 0, 0, 0, 0, 0, 0, 0, 0, 0, 0, 0, 0, 0, 0, 0, 0, 0, 0, 0, 0, 0, 0]
                Height: [Varint 1]
              OrderedKey: [Kind 1] Number:
                i: [Varint 54]
                exp: [Varint 0]
              NumLeaves: [Varint 27]
            MetaTuple:
              Ref: [Kind 7]
                Hash: [137, 164, 66, 41, 88, 210, 215, 6, 157, 68, 45, 180, 45, 173, 157, 228, 139, 190, 57, 56]
                Type: [Kind 5] List:
                  [Kind 9] Struct:
                    Name: [Length 3] [Row 82, 111, 119]
                    Props: [Count 46]
                      Names:
                        Name: [Length 19] [countAmericanIndian 99, 111, 117, 110, 116, 65, 109, 101, 114, 105, 99, 97, 110, 73, 110, 100, 105, 97, 110]
                        Name: [Length 21] [countAsianNonHispanic 99, 111, 117, 110, 116, 65, 115, 105, 97, 110, 78, 111, 110, 72, 105, 115, 112, 97, 110, 105, 99]
                        Name: [Length 21] [countBlackNonHispanic 99, 111, 117, 110, 116, 66, 108, 97, 99, 107, 78, 111, 110, 72, 105, 115, 112, 97, 110, 105, 99]
                        Name: [Length 23] [countCitizenStatusTotal 99, 111, 117, 110, 116, 67, 105, 116, 105, 122, 101, 110, 83, 116, 97, 116, 117, 115, 84, 111, 116, 97, 108]
                        Name: [Length 25] [countCitizenStatusUnknown 99, 111, 117, 110, 116, 67, 105, 116, 105, 122, 101, 110, 83, 116, 97, 116, 117, 115, 85, 110, 107, 110, 111, 119, 110]
                        Name: [Length 19] [countEthnicityTotal 99, 111, 117, 110, 116, 69, 116, 104, 110, 105, 99, 105, 116, 121, 84, 111, 116, 97, 108]
                        Name: [Length 21] [countEthnicityUnknown 99, 111, 117, 110, 116, 69, 116, 104, 110, 105, 99, 105, 116, 121, 85, 110, 107, 110, 111, 119, 110]
                        Name: [Length 11] [countFemale 99, 111, 117, 110, 116, 70, 101, 109, 97, 108, 101]
                        Name: [Length 16] [countGenderTotal 99, 111, 117, 110, 116, 71, 101, 110, 100, 101, 114, 84, 111, 116, 97, 108]
                        Name: [Length 18] [countGenderUnknown 99, 111, 117, 110, 116, 71, 101, 110, 100, 101, 114, 85, 110, 107, 110, 111, 119, 110]
                        Name: [Length 19] [countHispanicLatino 99, 111, 117, 110, 116, 72, 105, 115, 112, 97, 110, 105, 99, 76, 97, 116, 105, 110, 111]
                        Name: [Length 9]  [countMale 99, 111, 117, 110, 116, 77, 97, 108, 101]
                        Name: [Length 30] [countNreceivesPublicAssistance 99, 111, 117, 110, 116, 78, 114, 101, 99, 101, 105, 118, 101, 115, 80, 117, 98, 108, 105, 99, 65, 115, 115, 105, 115, 116, 97, 110, 99, 101]
                        Name: [Length 23] [countOtherCitizenStatus 99, 111, 117, 110, 116, 79, 116, 104, 101, 114, 67, 105, 116, 105, 122, 101, 110, 83, 116, 97, 116, 117, 115]
                        Name: [Length 19] [99, 111, 117, 110, 116, 79, 116, 104, 101, 114, 69, 116, 104, 110, 105, 99, 105, 116, 121]
                        Name: [Length 20] [99, 111, 117, 110, 116, 80, 97, 99, 105, 102, 105, 99, 73, 115, 108, 97, 110, 100, 101, 114]
                        Name: [Length 17] [99, 111, 117, 110, 116, 80, 97, 114, 116, 105, 99, 105, 112, 97, 110, 116, 115]
                        Name: [Length 27] [99, 111, 117, 110, 116, 80, 101, 114, 109, 97, 110, 101, 110, 116, 82, 101, 115, 105, 100, 101, 110, 116, 65, 108, 105, 101, 110]
                        Name: [Length 26] [99, 111, 117, 110, 116, 80, 117, 98, 108, 105, 99, 65, 115, 115, 105, 115, 116, 97, 110, 99, 101, 84, 111, 116, 97, 108]
                        Name: [Length 28] [99, 111, 117, 110, 116, 80, 117, 98, 108, 105, 99, 65, 115, 115, 105, 115, 116, 97, 110, 99, 101, 85, 110, 107, 110, 111, 119, 110]
                        Name: [Length 29] [99, 111, 117, 110, 116, 82, 101, 99, 101, 105, 118, 101, 115, 80, 117, 98, 108, 105, 99, 65, 115, 115, 105, 115, 116, 97, 110, 99, 101]
                        Name: [Length 14] [99, 111, 117, 110, 116, 85, 115, 67, 105, 116, 105, 122, 101, 110]
                        Name: [Length 21] [99, 111, 117, 110, 116, 87, 104, 105, 116, 101, 78, 111, 110, 72, 105, 115, 112, 97, 110, 105, 99]
                        Name: [Length 16] [jurisdictionName 106, 117, 114, 105, 115, 100, 105, 99, 116, 105, 111, 110, 78, 97, 109, 101]
                        Name: [Length 21] [percentAmericanIndian 112, 101, 114, 99, 101, 110, 116, 65, 109, 101, 114, 105, 99, 97, 110, 73, 110, 100, 105, 97, 110]
                        Name: [Length 23] [112, 101, 114, 99, 101, 110, 116, 65, 115, 105, 97, 110, 78, 111, 110, 72, 105, 115, 112, 97, 110, 105, 99]
                        Name: [Length 23] [112, 101, 114, 99, 101, 110, 116, 66, 108, 97, 99, 107, 78, 111, 110, 72, 105, 115, 112, 97, 110, 105, 99]
                        Name: [Length 25] [112, 101, 114, 99, 101, 110, 116, 67, 105, 116, 105, 122, 101, 110, 83, 116, 97, 116, 117, 115, 84, 111, 116, 97, 108]
                        Name: [Length 27] [112, 101, 114, 99, 101, 110, 116, 67, 105, 116, 105, 122, 101, 110, 83, 116, 97, 116, 117, 115, 85, 110, 107, 110, 111, 119, 110]
                        Name: [Length 21] [112, 101, 114, 99, 101, 110, 116, 69, 116, 104, 110, 105, 99, 105, 116, 121, 84, 111, 116, 97, 108]
                        Name: [Length 23] [112, 101, 114, 99, 101, 110, 116, 69, 116, 104, 110, 105, 99, 105, 116, 121, 85, 110, 107, 110, 111, 119, 110]
                        Name: [Length 13] [112, 101, 114, 99, 101, 110, 116, 70, 101, 109, 97, 108, 101]
                        Name: [Length 18] [112, 101, 114, 99, 101, 110, 116, 71, 101, 110, 100, 101, 114, 84, 111, 116, 97, 108]
                        Name: [Length 20] [112, 101, 114, 99, 101, 110, 116, 71, 101, 110, 100, 101, 114, 85, 110, 107, 110, 111, 119, 110]
                        Name: [Length 21] [112, 101, 114, 99, 101, 110, 116, 72, 105, 115, 112, 97, 110, 105, 99, 76, 97, 116, 105, 110, 111]
                        Name: [Length 11] [112, 101, 114, 99, 101, 110, 116, 77, 97, 108, 101]
                        Name: [Length 32] [112, 101, 114, 99, 101, 110, 116, 78, 114, 101, 99, 101, 105, 118, 101, 115, 80, 117, 98, 108, 105, 99, 65, 115, 115, 105, 115, 116, 97, 110, 99, 101]
                        Name: [Length 25] [112, 101, 114, 99, 101, 110, 116, 79, 116, 104, 101, 114, 67, 105, 116, 105, 122, 101, 110, 83, 116, 97, 116, 117, 115]
                        Name: [Length 21] [112, 101, 114, 99, 101, 110, 116, 79, 116, 104, 101, 114, 69, 116, 104, 110, 105, 99, 105, 116, 121]
                        Name: [Length 22] [112, 101, 114, 99, 101, 110, 116, 80, 97, 99, 105, 102, 105, 99, 73, 115, 108, 97, 110, 100, 101, 114]
                        Name: [Length 29] [112, 101, 114, 99, 101, 110, 116, 80, 101, 114, 109, 97, 110, 101, 110, 116, 82, 101, 115, 105, 100, 101, 110, 116, 65, 108, 105, 101, 110]
                        Name: [Length 28] [112, 101, 114, 99, 101, 110, 116, 80, 117, 98, 108, 105, 99, 65, 115, 115, 105, 115, 116, 97, 110, 99, 101, 84, 111, 116, 97, 108]
                        Name: [Length 30] [112, 101, 114, 99, 101, 110, 116, 80, 117, 98, 108, 105, 99, 65, 115, 115, 105, 115, 116, 97, 110, 99, 101, 85, 110, 107, 110, 111, 119, 110]
                        Name: [Length 31] [112, 101, 114, 99, 101, 110, 116, 82, 101, 99, 101, 105, 118, 101, 115, 80, 117, 98, 108, 105, 99, 65, 115, 115, 105, 115, 116, 97, 110, 99, 101]
                        Name: [Length 16] [112, 101, 114, 99, 101, 110, 116, 85, 115, 67, 105, 116, 105, 122, 101, 110]
                        Name: [Length 23] [112, 101, 114, 99, 101, 110, 116, 87, 104, 105, 116, 101, 78, 111, 110, 72, 105, 115, 112, 97, 110, 105, 99]
                      Types:
                        [64xKind 2, 2, 2, 2, 2, 2, 2, 2, 2, 2, 2, 2, 2, 2, 2, 2, 2, 2, 2, 2, 2, 2, 2, 2, 2, 2, 2, 2, 2, 2, 2, 2, 2, 2, 2, 2, 2, 2, 2, 2, 2, 2, 2, 2, 2, 2]
                      Optional:
                        [64xBool 0, 0, 0, 0, 0, 0, 0, 0, 0, 0, 0, 0, 0, 0, 0, 0, 0, 0, 0, 0, 0, 0, 0, 0, 0, 0, 0, 0, 0, 0, 0, 0, 0, 0, 0, 0, 0, 0, 0, 0, 0, 0, 0, 0, 0, 0]
                Height: [Varint 1]
              OrderedKey: [Kind 1] Number:
                i: [Varint 2]
                exp: [Varint 4]
              NumLeaves: [Varint 4]
            MetaTuple:
              Ref: [Kind 7]
                Hash: [47, 74, 42, 210, 46, 30, 68, 2, 131, 43, 116, 124, 34, 168, 112, 164, 205, 150, 123, 30]
                Type: [Kind 5] List:
                  [Kind 9] Struct:
                    Name: [Length 3] [Row 82, 111, 119]
                    Props: [Count 46]
                      Names:
                        Name: [Length 19] [countAmericanIndian 99, 111, 117, 110, 116, 65, 109, 101, 114, 105, 99, 97, 110, 73, 110, 100, 105, 97, 110]
                        Name: [Length 21] [countAsianNonHispanic 99, 111, 117, 110, 116, 65, 115, 105, 97, 110, 78, 111, 110, 72, 105, 115, 112, 97, 110, 105, 99]
                        Name: [Length 21] [countBlackNonHispanic 99, 111, 117, 110, 116, 66, 108, 97, 99, 107, 78, 111, 110, 72, 105, 115, 112, 97, 110, 105, 99]
                        Name: [Length 23] [countCitizenStatusTotal 99, 111, 117, 110, 116, 67, 105, 116, 105, 122, 101, 110, 83, 116, 97, 116, 117, 115, 84, 111, 116, 97, 108]
                        Name: [Length 25] [countCitizenStatusUnknown 99, 111, 117, 110, 116, 67, 105, 116, 105, 122, 101, 110, 83, 116, 97, 116, 117, 115, 85, 110, 107, 110, 111, 119, 110]
                        Name: [Length 19] [countEthnicityTotal 99, 111, 117, 110, 116, 69, 116, 104, 110, 105, 99, 105, 116, 121, 84, 111, 116, 97, 108]
                        Name: [Length 21] [countEthnicityUnknown 99, 111, 117, 110, 116, 69, 116, 104, 110, 105, 99, 105, 116, 121, 85, 110, 107, 110, 111, 119, 110]
                        Name: [Length 11] [countFemale 99, 111, 117, 110, 116, 70, 101, 109, 97, 108, 101]
                        Name: [Length 16] [countGenderTotal 99, 111, 117, 110, 116, 71, 101, 110, 100, 101, 114, 84, 111, 116, 97, 108]
                        Name: [Length 18] [countGenderUnknown 99, 111, 117, 110, 116, 71, 101, 110, 100, 101, 114, 85, 110, 107, 110, 111, 119, 110]
                        Name: [Length 19] [countHispanicLatino 99, 111, 117, 110, 116, 72, 105, 115, 112, 97, 110, 105, 99, 76, 97, 116, 105, 110, 111]
                        Name: [Length 9]  [countMale 99, 111, 117, 110, 116, 77, 97, 108, 101]
                        Name: [Length 30] [countNreceivesPublicAssistance 99, 111, 117, 110, 116, 78, 114, 101, 99, 101, 105, 118, 101, 115, 80, 117, 98, 108, 105, 99, 65, 115, 115, 105, 115, 116, 97, 110, 99, 101]
                        Name: [Length 23] [countOtherCitizenStatus 99, 111, 117, 110, 116, 79, 116, 104, 101, 114, 67, 105, 116, 105, 122, 101, 110, 83, 116, 97, 116, 117, 115]
                        Name: [Length 19] [99, 111, 117, 110, 116, 79, 116, 104, 101, 114, 69, 116, 104, 110, 105, 99, 105, 116, 121]
                        Name: [Length 20] [99, 111, 117, 110, 116, 80, 97, 99, 105, 102, 105, 99, 73, 115, 108, 97, 110, 100, 101, 114]
                        Name: [Length 17] [99, 111, 117, 110, 116, 80, 97, 114, 116, 105, 99, 105, 112, 97, 110, 116, 115]
                        Name: [Length 27] [99, 111, 117, 110, 116, 80, 101, 114, 109, 97, 110, 101, 110, 116, 82, 101, 115, 105, 100, 101, 110, 116, 65, 108, 105, 101, 110]
                        Name: [Length 26] [99, 111, 117, 110, 116, 80, 117, 98, 108, 105, 99, 65, 115, 115, 105, 115, 116, 97, 110, 99, 101, 84, 111, 116, 97, 108]
                        Name: [Length 28] [99, 111, 117, 110, 116, 80, 117, 98, 108, 105, 99, 65, 115, 115, 105, 115, 116, 97, 110, 99, 101, 85, 110, 107, 110, 111, 119, 110]
                        Name: [Length 29] [99, 111, 117, 110, 116, 82, 101, 99, 101, 105, 118, 101, 115, 80, 117, 98, 108, 105, 99, 65, 115, 115, 105, 115, 116, 97, 110, 99, 101]
                        Name: [Length 14] [99, 111, 117, 110, 116, 85, 115, 67, 105, 116, 105, 122, 101, 110]
                        Name: [Length 21] [99, 111, 117, 110, 116, 87, 104, 105, 116, 101, 78, 111, 110, 72, 105, 115, 112, 97, 110, 105, 99]
                        Name: [Length 16] [jurisdictionName 106, 117, 114, 105, 115, 100, 105, 99, 116, 105, 111, 110, 78, 97, 109, 101]
                        Name: [Length 21] [percentAmericanIndian 112, 101, 114, 99, 101, 110, 116, 65, 109, 101, 114, 105, 99, 97, 110, 73, 110, 100, 105, 97, 110]
                        Name: [Length 23] [112, 101, 114, 99, 101, 110, 116, 65, 115, 105, 97, 110, 78, 111, 110, 72, 105, 115, 112, 97, 110, 105, 99]
                        Name: [Length 23] [112, 101, 114, 99, 101, 110, 116, 66, 108, 97, 99, 107, 78, 111, 110, 72, 105, 115, 112, 97, 110, 105, 99]
                        Name: [Length 25] [112, 101, 114, 99, 101, 110, 116, 67, 105, 116, 105, 122, 101, 110, 83, 116, 97, 116, 117, 115, 84, 111, 116, 97, 108]
                        Name: [Length 27] [112, 101, 114, 99, 101, 110, 116, 67, 105, 116, 105, 122, 101, 110, 83, 116, 97, 116, 117, 115, 85, 110, 107, 110, 111, 119, 110]
                        Name: [Length 21] [112, 101, 114, 99, 101, 110, 116, 69, 116, 104, 110, 105, 99, 105, 116, 121, 84, 111, 116, 97, 108]
                        Name: [Length 23] [112, 101, 114, 99, 101, 110, 116, 69, 116, 104, 110, 105, 99, 105, 116, 121, 85, 110, 107, 110, 111, 119, 110]
                        Name: [Length 13] [112, 101, 114, 99, 101, 110, 116, 70, 101, 109, 97, 108, 101]
                        Name: [Length 18] [112, 101, 114, 99, 101, 110, 116, 71, 101, 110, 100, 101, 114, 84, 111, 116, 97, 108]
                        Name: [Length 20] [112, 101, 114, 99, 101, 110, 116, 71, 101, 110, 100, 101, 114, 85, 110, 107, 110, 111, 119, 110]
                        Name: [Length 21] [112, 101, 114, 99, 101, 110, 116, 72, 105, 115, 112, 97, 110, 105, 99, 76, 97, 116, 105, 110, 111]
                        Name: [Length 11] [112, 101, 114, 99, 101, 110, 116, 77, 97, 108, 101]
                        Name: [Length 32] [112, 101, 114, 99, 101, 110, 116, 78, 114, 101, 99, 101, 105, 118, 101, 115, 80, 117, 98, 108, 105, 99, 65, 115, 115, 105, 115, 116, 97, 110, 99, 101]
                        Name: [Length 25] [112, 101, 114, 99, 101, 110, 116, 79, 116, 104, 101, 114, 67, 105, 116, 105, 122, 101, 110, 83, 116, 97, 116, 117, 115]
                        Name: [Length 21] [112, 101, 114, 99, 101, 110, 116, 79, 116, 104, 101, 114, 69, 116, 104, 110, 105, 99, 105, 116, 121]
                        Name: [Length 22] [112, 101, 114, 99, 101, 110, 116, 80, 97, 99, 105, 102, 105, 99, 73, 115, 108, 97, 110, 100, 101, 114]
                        Name: [Length 29] [112, 101, 114, 99, 101, 110, 116, 80, 101, 114, 109, 97, 110, 101, 110, 116, 82, 101, 115, 105, 100, 101, 110, 116, 65, 108, 105, 101, 110]
                        Name: [Length 28] [112, 101, 114, 99, 101, 110, 116, 80, 117, 98, 108, 105, 99, 65, 115, 115, 105, 115, 116, 97, 110, 99, 101, 84, 111, 116, 97, 108]
                        Name: [Length 30] [112, 101, 114, 99, 101, 110, 116, 80, 117, 98, 108, 105, 99, 65, 115, 115, 105, 115, 116, 97, 110, 99, 101, 85, 110, 107, 110, 111, 119, 110]
                        Name: [Length 31] [112, 101, 114, 99, 101, 110, 116, 82, 101, 99, 101, 105, 118, 101, 115, 80, 117, 98, 108, 105, 99, 65, 115, 115, 105, 115, 116, 97, 110, 99, 101]
                        Name: [Length 16] [112, 101, 114, 99, 101, 110, 116, 85, 115, 67, 105, 116, 105, 122, 101, 110]
                        Name: [Length 23] [112, 101, 114, 99, 101, 110, 116, 87, 104, 105, 116, 101, 78, 111, 110, 72, 105, 115, 112, 97, 110, 105, 99]
                      Types:
                        [64xKind 2, 2, 2, 2, 2, 2, 2, 2, 2, 2, 2, 2, 2, 2, 2, 2, 2, 2, 2, 2, 2, 2, 2, 2, 2, 2, 2, 2, 2, 2, 2, 2, 2, 2, 2, 2, 2, 2, 2, 2, 2, 2, 2, 2, 2, 2]
                      Optional:
                        [64xBool 0, 0, 0, 0, 0, 0, 0, 0, 0, 0, 0, 0, 0, 0, 0, 0, 0, 0, 0, 0, 0, 0, 0, 0, 0, 0, 0, 0, 0, 0, 0, 0, 0, 0, 0, 0, 0, 0, 0, 0, 0, 0, 0, 0, 0, 0]
                Height: [Varint 1]
              OrderedKey: [Kind 1] Number:
                i: [Varint 2]
                exp: [Varint 2]
              NumLeaves: [Varint 2]
            MetaTuple:
              Ref: [Kind 7]
                Hash: [113, 70, 15, 100, 243, 126, 98, 164, 225, 195, 231, 242, 183, 36, 106, 90, 205, 105, 87, 231]
                Type: [Kind 5] List:
                  [Kind 9] Struct:
                    Name: [Length 3] [Row 82, 111, 119]
                    Props: [Count 46]
                      Names:
                        Name: [Length 19] [countAmericanIndian 99, 111, 117, 110, 116, 65, 109, 101, 114, 105, 99, 97, 110, 73, 110, 100, 105, 97, 110]
                        Name: [Length 21] [countAsianNonHispanic 99, 111, 117, 110, 116, 65, 115, 105, 97, 110, 78, 111, 110, 72, 105, 115, 112, 97, 110, 105, 99]
                        Name: [Length 21] [countBlackNonHispanic 99, 111, 117, 110, 116, 66, 108, 97, 99, 107, 78, 111, 110, 72, 105, 115, 112, 97, 110, 105, 99]
                        Name: [Length 23] [countCitizenStatusTotal 99, 111, 117, 110, 116, 67, 105, 116, 105, 122, 101, 110, 83, 116, 97, 116, 117, 115, 84, 111, 116, 97, 108]
                        Name: [Length 25] [countCitizenStatusUnknown 99, 111, 117, 110, 116, 67, 105, 116, 105, 122, 101, 110, 83, 116, 97, 116, 117, 115, 85, 110, 107, 110, 111, 119, 110]
                        Name: [Length 19] [countEthnicityTotal 99, 111, 117, 110, 116, 69, 116, 104, 110, 105, 99, 105, 116, 121, 84, 111, 116, 97, 108]
                        Name: [Length 21] [countEthnicityUnknown 99, 111, 117, 110, 116, 69, 116, 104, 110, 105, 99, 105, 116, 121, 85, 110, 107, 110, 111, 119, 110]
                        Name: [Length 11] [countFemale 99, 111, 117, 110, 116, 70, 101, 109, 97, 108, 101]
                        Name: [Length 16] [countGenderTotal 99, 111, 117, 110, 116, 71, 101, 110, 100, 101, 114, 84, 111, 116, 97, 108]
                        Name: [Length 18] [countGenderUnknown 99, 111, 117, 110, 116, 71, 101, 110, 100, 101, 114, 85, 110, 107, 110, 111, 119, 110]
                        Name: [Length 19] [countHispanicLatino 99, 111, 117, 110, 116, 72, 105, 115, 112, 97, 110, 105, 99, 76, 97, 116, 105, 110, 111]
                        Name: [Length 9]  [countMale 99, 111, 117, 110, 116, 77, 97, 108, 101]
                        Name: [Length 30] [countNreceivesPublicAssistance 99, 111, 117, 110, 116, 78, 114, 101, 99, 101, 105, 118, 101, 115, 80, 117, 98, 108, 105, 99, 65, 115, 115, 105, 115, 116, 97, 110, 99, 101]
                        Name: [Length 23] [countOtherCitizenStatus 99, 111, 117, 110, 116, 79, 116, 104, 101, 114, 67, 105, 116, 105, 122, 101, 110, 83, 116, 97, 116, 117, 115]
                        Name: [Length 19] [99, 111, 117, 110, 116, 79, 116, 104, 101, 114, 69, 116, 104, 110, 105, 99, 105, 116, 121]
                        Name: [Length 20] [99, 111, 117, 110, 116, 80, 97, 99, 105, 102, 105, 99, 73, 115, 108, 97, 110, 100, 101, 114]
                        Name: [Length 17] [99, 111, 117, 110, 116, 80, 97, 114, 116, 105, 99, 105, 112, 97, 110, 116, 115]
                        Name: [Length 27] [99, 111, 117, 110, 116, 80, 101, 114, 109, 97, 110, 101, 110, 116, 82, 101, 115, 105, 100, 101, 110, 116, 65, 108, 105, 101, 110]
                        Name: [Length 26] [99, 111, 117, 110, 116, 80, 117, 98, 108, 105, 99, 65, 115, 115, 105, 115, 116, 97, 110, 99, 101, 84, 111, 116, 97, 108]
                        Name: [Length 28] [99, 111, 117, 110, 116, 80, 117, 98, 108, 105, 99, 65, 115, 115, 105, 115, 116, 97, 110, 99, 101, 85, 110, 107, 110, 111, 119, 110]
                        Name: [Length 29] [99, 111, 117, 110, 116, 82, 101, 99, 101, 105, 118, 101, 115, 80, 117, 98, 108, 105, 99, 65, 115, 115, 105, 115, 116, 97, 110, 99, 101]
                        Name: [Length 14] [99, 111, 117, 110, 116, 85, 115, 67, 105, 116, 105, 122, 101, 110]
                        Name: [Length 21] [99, 111, 117, 110, 116, 87, 104, 105, 116, 101, 78, 111, 110, 72, 105, 115, 112, 97, 110, 105, 99]
                        Name: [Length 16] [jurisdictionName 106, 117, 114, 105, 115, 100, 105, 99, 116, 105, 111, 110, 78, 97, 109, 101]
                        Name: [Length 21] [percentAmericanIndian 112, 101, 114, 99, 101, 110, 116, 65, 109, 101, 114, 105, 99, 97, 110, 73, 110, 100, 105, 97, 110]
                        Name: [Length 23] [112, 101, 114, 99, 101, 110, 116, 65, 115, 105, 97, 110, 78, 111, 110, 72, 105, 115, 112, 97, 110, 105, 99]
                        Name: [Length 23] [112, 101, 114, 99, 101, 110, 116, 66, 108, 97, 99, 107, 78, 111, 110, 72, 105, 115, 112, 97, 110, 105, 99]
                        Name: [Length 25] [112, 101, 114, 99, 101, 110, 116, 67, 105, 116, 105, 122, 101, 110, 83, 116, 97, 116, 117, 115, 84, 111, 116, 97, 108]
                        Name: [Length 27] [112, 101, 114, 99, 101, 110, 116, 67, 105, 116, 105, 122, 101, 110, 83, 116, 97, 116, 117, 115, 85, 110, 107, 110, 111, 119, 110]
                        Name: [Length 21] [112, 101, 114, 99, 101, 110, 116, 69, 116, 104, 110, 105, 99, 105, 116, 121, 84, 111, 116, 97, 108]
                        Name: [Length 23] [112, 101, 114, 99, 101, 110, 116, 69, 116, 104, 110, 105, 99, 105, 116, 121, 85, 110, 107, 110, 111, 119, 110]
                        Name: [Length 13] [112, 101, 114, 99, 101, 110, 116, 70, 101, 109, 97, 108, 101]
                        Name: [Length 18] [112, 101, 114, 99, 101, 110, 116, 71, 101, 110, 100, 101, 114, 84, 111, 116, 97, 108]
                        Name: [Length 20] [112, 101, 114, 99, 101, 110, 116, 71, 101, 110, 100, 101, 114, 85, 110, 107, 110, 111, 119, 110]
                        Name: [Length 21] [112, 101, 114, 99, 101, 110, 116, 72, 105, 115, 112, 97, 110, 105, 99, 76, 97, 116, 105, 110, 111]
                        Name: [Length 11] [112, 101, 114, 99, 101, 110, 116, 77, 97, 108, 101]
                        Name: [Length 32] [112, 101, 114, 99, 101, 110, 116, 78, 114, 101, 99, 101, 105, 118, 101, 115, 80, 117, 98, 108, 105, 99, 65, 115, 115, 105, 115, 116, 97, 110, 99, 101]
                        Name: [Length 25] [112, 101, 114, 99, 101, 110, 116, 79, 116, 104, 101, 114, 67, 105, 116, 105, 122, 101, 110, 83, 116, 97, 116, 117, 115]
                        Name: [Length 21] [112, 101, 114, 99, 101, 110, 116, 79, 116, 104, 101, 114, 69, 116, 104, 110, 105, 99, 105, 116, 121]
                        Name: [Length 22] [112, 101, 114, 99, 101, 110, 116, 80, 97, 99, 105, 102, 105, 99, 73, 115, 108, 97, 110, 100, 101, 114]
                        Name: [Length 29] [112, 101, 114, 99, 101, 110, 116, 80, 101, 114, 109, 97, 110, 101, 110, 116, 82, 101, 115, 105, 100, 101, 110, 116, 65, 108, 105, 101, 110]
                        Name: [Length 28] [112, 101, 114, 99, 101, 110, 116, 80, 117, 98, 108, 105, 99, 65, 115, 115, 105, 115, 116, 97, 110, 99, 101, 84, 111, 116, 97, 108]
                        Name: [Length 30] [112, 101, 114, 99, 101, 110, 116, 80, 117, 98, 108, 105, 99, 65, 115, 115, 105, 115, 116, 97, 110, 99, 101, 85, 110, 107, 110, 111, 119, 110]
                        Name: [Length 31] [112, 101, 114, 99, 101, 110, 116, 82, 101, 99, 101, 105, 118, 101, 115, 80, 117, 98, 108, 105, 99, 65, 115, 115, 105, 115, 116, 97, 110, 99, 101]
                        Name: [Length 16] [112, 101, 114, 99, 101, 110, 116, 85, 115, 67, 105, 116, 105, 122, 101, 110]
                        Name: [Length 23] [112, 101, 114, 99, 101, 110, 116, 87, 104, 105, 116, 101, 78, 111, 110, 72, 105, 115, 112, 97, 110, 105, 99]
                      Types:
                        [64xKind 2, 2, 2, 2, 2, 2, 2, 2, 2, 2, 2, 2, 2, 2, 2, 2, 2, 2, 2, 2, 2, 2, 2, 2, 2, 2, 2, 2, 2, 2, 2, 2, 2, 2, 2, 2, 2, 2, 2, 2, 2, 2, 2, 2, 2, 2]
                      Optional:
                        [64xBool 0, 0, 0, 0, 0, 0, 0, 0, 0, 0, 0, 0, 0, 0, 0, 0, 0, 0, 0, 0, 0, 0, 0, 0, 0, 0, 0, 0, 0, 0, 0, 0, 0, 0, 0, 0, 0, 0, 0, 0, 0, 0, 0, 0, 0, 0]
                Height: [Varint 1]
              OrderedKey: [Kind 1] Number:
                i: [Varint 150, 1]
                exp: [Varint 0]
              NumLeaves: [Varint 75]
